4000
72 16
80 11
78 11
85 2
77 8
113 4
110 3
108 1
123 12
122 3
128 4
152 16
155 14
154 4
165 15
157 5
178 4
194 8
216 16
152 14
219 7
155 11
262 9
252 15
199 2
277 1
203 14
249 14
311 13
324 14
265 4
270 15
312 9
326 13
373 12
409 12
409 2
420 15
428 4
431 12
447 11
427 2
457 2
448 8
428 8
418 15
479 2
435 4
483 14
455 14
466 2
520 16
536 2
414 16
489 8
427 11
529 9
545 15
448 11
421 9
449 6
627 5
590 4
620 12
573 8
578 5
630 13
462 1
553 16
628 13
452 2
552 11
459 8
611 11
710 11
756 16
551 8
602 3
658 5
441 11
615 2
754 11
643 5
812 1
478 14
555 3
657 10
491 11
692 4
550 1
458 9
422 2
409 16
649 8
486 3
716 10
624 1
651 3
848 1
499 10
575 11
656 5
806 2
492 9
562 4
505 14
738 5
451 2
844 5
634 4
679 7
649 1
635 10
919 8
866 9
833 12
1046 1
1047 3
1050 10
1051 11
1057 6
1054 2
1058 16
1053 1
1070 10
1105 15
1103 9
1088 8
1063 14
1164 11
1170 9
1174 1
1183 9
1174 2
1182 5
1167 4
1202 14
1200 6
1202 13
1182 9
1206 11
1217 11
1255 9
1166 13
1224 16
1295 9
1234 3
1282 16
1292 16
1183 14
1188 4
1248 7
1313 8
1340 7
1226 3
1289 6
1250 14
1362 5
1324 1
1253 16
1249 12
1223 14
1351 6
1263 13
1342 3
1414 14
1315 16
1413 6
1375 6
1534 12
1539 16
1559 13
1564 12
1546 7
1562 9
1553 1
1555 8
1560 16
1537 8
1556 16
1595 4
1647 9
1558 5
1652 16
1610 15
1660 4
1586 5
1590 15
1610 6
1644 10
1653 10
1544 2
1611 14
1780 5
1780 3
1785 9
1788 6
1786 7
1783 3
1812 15
1794 7
1794 9
1781 3
1784 15
1805 3
1816 8
1823 14
1865 13
1879 3
1792 9
1834 14
1829 4
1908 5
1798 5
1855 3
1852 13
1865 7
1898 4
1854 4
1820 12
1957 6
1846 10
1856 11
1785 5
1809 13
1920 5
1816 5
2026 3
1876 5
2046 14
1888 11
1977 4
1859 16
2034 1
1849 6
1888 1
1862 10
2075 13
1986 8
1897 12
1898 2
1906 7
1899 14
1782 13
1840 7
2147 15
1975 1
2111 4
1861 11
1859 10
1837 11
1923 5
2229 16
2138 6
2171 12
2276 14
1880 15
2269 4
1958 15
2326 6
2326 4
2328 5
2327 12
2346 7
2336 7
2330 1
2337 7
2328 16
2345 10
2385 12
2399 16
2416 7
2345 8
2334 16
2348 11
2344 15
2387 10
2382 13
2485 10
2528 13
2531 15
2556 9
2563 1
2543 4
2530 9
2558 11
2563 7
2540 11
2548 10
2563 3
2536 10
2543 3
2529 2
2564 3
2574 12
2585 2
2627 6
2578 14
2631 9
2561 2
2550 2
2599 10
2605 15
2704 9
2657 7
2687 5
2699 16
2653 2
2643 7
2645 8
2543 3
2549 4
2691 5
2615 6
2565 9
2594 8
2684 13
2757 15
2742 7
2593 16
2834 12
2540 3
2829 7
2825 11
2741 16
2708 1
2597 16
2572 2
2718 3
2812 12
2840 14
2905 10
2844 10
2747 12
2740 7
2929 2
2741 1
2688 3
2863 9
2667 9
2592 10
2890 15
2626 11
2554 3
2630 11
2924 12
2812 13
3051 12
3099 5
3100 16
3103 12
3100 4
3100 10
3117 5
3149 14
3108 4
3142 9
3131 11
3153 11
3106 12
3152 9
3101 14
3164 5
3174 7
3176 16
3176 6
3141 9
3169 9
3266 9
3250 1
3273 8
3288 8
3181 15
3303 9
3208 6
3118 2
3266 6
3337 16
3105 11
3147 10
3334 14
3350 2
3236 10
3347 14
3378 4
3368 7
3285 12
3117 11
3405 13
3248 13
3260 6
3456 1
3176 11
3187 7
3184 12
3142 9
3272 4
3415 5
3374 3
3430 8
3456 4
3116 13
3392 10
3328 11
3178 6
3177 2
3364 16
3390 4
3527 15
3164 11
3126 16
3394 13
3587 3
3633 11
3118 3
3147 13
3343 16
3575 7
3594 13
3618 14
3668 5
3712 8
3248 7
3750 13
3382 16
3628 10
3523 4
3325 1
3386 6
3181 5
3248 6
3314 11
3255 16
3599 16
3817 3
3464 16
3445 8
3729 10
3594 10
3287 5
3455 7
3599 14
3112 7
3727 4
3770 1
3568 14
3480 9
3575 15
3307 8
3950 16
4029 4
4032 8
4041 3
4032 12
4029 14
4057 10
4044 7
4044 10
4052 2
4042 5
4037 7
4030 14
4105 4
4076 7
4097 8
4075 8
4151 7
4076 12
4169 2
4147 16
4144 12
4062 12
4208 12
4086 2
4137 3
4086 13
4113 15
4199 1
4130 16
4197 5
4265 15
4152 2
4143 4
4198 9
4222 12
4299 9
4079 11
4093 7
4207 6
4079 10
4220 7
4217 2
4067 10
4181 2
4208 15
4110 10
4087 8
4259 1
4300 15
4401 3
4204 14
4452 10
4172 2
4067 2
4464 11
4281 15
4418 11
4071 12
4377 4
4478 1
4236 8
4078 7
4182 16
4083 6
4158 2
4044 14
4372 3
4368 11
4470 12
4519 11
4405 3
4477 8
4275 13
4378 11
4104 3
4452 4
4099 6
4259 1
4053 5
4522 16
4686 4
4687 15
4687 10
4702 5
4698 3
4686 14
4707 5
4690 1
4692 14
4733 15
4751 4
4748 4
4717 5
4759 8
4769 1
4724 1
4700 6
4735 2
4718 14
4805 5
4690 3
4697 8
4763 13
4814 14
4690 6
4711 6
4812 3
4838 16
4772 15
4899 2
4826 10
4706 9
4693 14
4816 2
4762 9
4739 7
4870 8
4928 16
4869 16
4881 5
4854 12
4948 8
4795 13
4989 15
5046 5
4846 15
4858 14
4795 6
5043 10
4848 5
5050 13
4792 4
4897 16
5148 15
5149 14
5174 2
5161 1
5170 12
5165 3
5160 4
5167 16
5213 1
5172 15
5172 6
5157 7
5171 12
5182 9
5240 7
5184 4
5269 16
5199 15
5154 12
5149 14
5290 3
5194 8
5339 2
5170 15
5355 13
5174 1
5175 4
5167 11
5352 1
5395 11
5400 7
5412 4
5431 15
5433 11
5452 6
5458 13
5443 16
5468 4
5483 7
5454 10
5498 11
5506 15
5498 12
5530 14
5445 13
5576 15
5484 7
5558 4
5492 4
5533 2
5592 12
5591 3
5451 14
5451 15
5636 4
5644 10
5650 16
5628 11
5508 5
5543 13
5698 15
5620 15
5675 2
5498 5
5513 2
5544 16
5587 9
5702 14
5768 2
5541 10
5770 15
5668 12
5785 15
5837 2
5565 4
5625 1
5767 8
5672 14
5798 8
5770 9
5536 3
5905 16
5915 2
5908 8
5915 15
5916 11
5935 5
5919 12
5926 12
5921 7
5993 11
5951 6
5949 5
5929 11
5982 10
5973 5
5914 11
5996 3
6052 12
5921 7
5911 12
5948 10
6017 12
6028 1
5913 10
6016 11
5952 3
5923 11
6024 15
5984 7
5907 11
6013 14
5930 15
5948 14
6167 4
5982 13
5932 5
6058 14
5957 5
6106 5
6169 3
6262 11
6202 2
6219 11
6094 2
6247 15
5937 7
6067 4
5947 8
6046 16
6330 16
5941 5
6365 6
6366 16
6023 3
6317 9
6194 11
5999 12
6031 6
5964 7
6268 5
6332 10
6383 5
6427 2
6180 16
6193 2
5991 3
6275 9
6237 16
5911 13
6289 4
5931 7
6261 2
6173 4
6006 9
6510 2
6541 12
6563 13
6567 9
6578 7
6585 6
6575 6
6601 10
6578 8
6593 15
6631 3
6609 10
6585 16
6603 14
6622 11
6591 11
6649 4
6648 14
6717 13
6567 4
6653 1
6722 5
6599 4
6576 4
6567 6
6615 4
6593 3
6671 8
6650 4
6605 12
6657 7
6789 6
6616 5
6643 16
6579 16
6797 10
6618 5
6798 6
6596 5
6601 9
6660 2
6648 16
6772 14
6872 11
6706 3
6566 2
6674 1
6587 3
6805 6
6796 6
6756 6
6809 6
6867 11
6913 7
6952 14
6573 5
6900 15
6975 15
6870 12
6944 8
6783 16
7033 8
6799 7
6936 1
6705 6
6864 4
6981 5
6597 13
7056 2
7005 8
6895 6
7066 15
7073 1
6766 10
6871 4
7097 1
6658 3
6764 10
6861 7
6849 1
6932 13
7099 1
6891 1
6880 9
6936 13
6906 12
6881 8
7066 1
7206 5
6649 15
6719 7
6618 11
6934 3
7147 5
6714 3
6690 16
6978 1
6626 8
6773 3
6837 3
7318 15
7328 13
7327 10
7343 6
7348 11
7354 12
7373 8
7335 3
7336 6
7386 6
7352 5
7412 15
7412 4
7347 5
7406 9
7391 13
7371 12
7323 13
7368 2
7374 14
7369 16
7390 14
7415 2
7474 14
7474 6
7426 13
7423 2
7554 5
7528 14
7353 14
7434 9
7330 13
7529 6
7605 13
7391 8
7451 16
7523 2
7552 4
7331 9
7653 6
7431 16
7503 13
7629 10
7680 11
7629 4
7426 13
7334 2
7639 14
7488 13
7737 1
7423 7
7429 13
7790 16
7627 2
7346 16
7654 14
7497 10
7806 5
7359 4
7745 3
7681 16
7849 3
7505 10
7903 9
7906 13
7912 13
7930 8
7937 16
7921 8
7942 7
7910 2
7958 10
7992 9
7994 10
8004 5
7996 15
8044 2
8046 1
8044 7
8045 2
8049 2
8049 13
8057 15
8054 8
8067 8
8053 16
8110 12
8099 6
8124 2
8053 4
8097 14
8150 14
8130 7
8174 2
8148 7
8154 2
8167 15
8197 5
8167 5
8226 4
8230 10
8236 7
8237 4
8236 11
8253 3
8228 2
8228 6
8263 15
8281 15
8289 11
8277 5
8266 14
8323 4
8244 4
8290 5
8338 16
8341 2
8355 8
8309 5
8353 12
8296 16
8228 14
8366 3
8338 5
8319 5
8353 9
8400 2
8435 14
8272 2
8347 1
8431 15
8451 5
8352 9
8447 14
8269 15
8242 14
8245 13
8518 16
8420 6
8301 13
8428 15
8248 16
8389 13
8373 10
8238 10
8501 16
8551 13
8647 1
8327 3
8637 9
8251 13
8500 15
8488 12
8312 8
8422 6
8230 11
8229 15
8265 5
8710 9
8296 12
8723 15
8641 16
8421 2
8349 13
8781 16
8445 8
8839 3
8827 13
8642 5
8317 16
8696 10
8877 1
8358 4
8644 15
8392 13
8691 5
8819 8
8656 2
8597 2
8384 11
8576 5
8615 12
8951 14
8892 6
8972 12
8272 5
8249 10
8682 10
8354 9
8258 15
8582 7
8376 1
9034 10
8296 5
8391 13
8363 1
8944 9
8835 7
9071 6
9134 10
9144 3
9138 10
9152 14
9161 2
9163 6
9177 4
9141 2
9184 7
9181 4
9170 10
9136 3
9139 3
9148 5
9153 6
9203 12
9173 1
9152 11
9239 1
9206 14
9225 8
9220 15
9211 8
9224 3
9221 11
9172 2
9190 6
9134 6
9268 11
9209 11
9183 11
9206 4
9285 10
9299 4
9137 1
9136 1
9200 9
9315 14
9292 16
9170 6
9261 3
9140 2
9411 4
9207 12
9274 14
9370 1
9293 14
9446 7
9224 6
9373 10
9277 2
9352 4
9138 14
9456 8
9145 4
9533 12
9545 2
9533 10
9551 9
9557 10
9592 7
9593 9
9596 4
9598 1
9613 3
9612 11
9625 9
9619 4
9612 11
9650 11
9634 11
9592 12
9606 15
9693 8
9597 2
9700 9
9641 15
9719 16
9660 3
9670 13
9762 7
9753 3
9700 4
9725 6
9718 2
9719 11
9607 13
9607 8
9768 5
9798 14
9706 11
9815 2
9609 12
9682 12
9722 1
9734 14
9671 13
9762 7
9840 15
9809 15
9754 2
9873 1
9717 7
9890 4
9897 14
9654 6
9954 6
9637 10
9808 3
9724 1
9687 2
9697 11
9817 15
9971 1
9681 6
9694 1
10018 11
9936 16
9650 8
9661 7
9793 10
9771 11
9959 12
9903 7
9891 9
9838 16
10126 11
9735 5
9620 5
10038 9
10091 1
10015 12
10065 12
10051 6
10145 13
10189 15
9924 1
9870 8
9796 14
9758 4
9611 11
9652 4
9925 9
9651 8
9667 1
9660 9
9938 1
10016 3
9868 13
9922 8
10109 10
10139 13
10043 10
9967 14
9975 14
9657 2
9861 11
10377 1
9753 10
9642 8
9953 5
9844 1
9684 6
10047 1
10181 5
9630 16
9731 16
10305 6
9948 8
10100 5
10358 14
9676 15
10360 9
9944 6
9816 11
10521 10
10072 10
9835 12
9993 2
10342 8
10479 7
9955 7
9906 4
9920 9
10588 1
9786 11
9923 7
9845 15
9846 5
10389 16
10572 9
10442 4
10097 1
9720 6
10578 2
10225 10
9658 13
9897 12
9849 10
10202 16
10727 2
10653 12
10158 14
9830 15
10264 4
9717 9
10013 5
10189 3
10112 12
10267 3
10754 14
10844 3
10847 9
10844 3
10854 9
10852 12
10861 5
10848 10
10869 11
10893 10
10844 8
10939 13
10952 13
10959 7
10948 2
10940 13
10966 3
10959 15
10975 12
10998 5
10964 8
10955 6
10964 12
10941 5
10999 1
11022 2
11029 16
11009 1
11046 5
10949 9
10954 15
11069 3
11011 8
11039 6
11019 1
11097 16
11052 14
11096 16
10985 15
11014 5
11129 12
10956 10
11164 13
11139 1
11024 11
11031 14
11072 5
10985 2
11210 4
11151 6
10954 12
11032 13
11240 15
11062 12
10980 9
11201 6
11047 4
11025 2
11004 1
11288 5
11238 7
11129 4
10978 14
11046 13
11233 6
11145 9
11056 5
11157 8
11140 16
11316 13
10979 3
10987 13
11311 5
11268 6
11267 2
11058 2
11385 3
11014 10
11112 8
11483 1
11433 9
11072 13
11169 9
11375 11
11465 14
11204 10
11140 4
11032 15
11503 13
11172 13
11070 5
11097 11
11232 1
11240 5
11467 3
11195 2
11452 9
11420 13
11346 5
10997 16
11411 12
11665 10
11424 7
11557 7
11044 15
11393 1
11598 14
11011 7
10970 7
10959 5
11257 1
11496 4
11166 9
11678 10
11643 1
11151 12
11440 3
11598 11
11607 2
11117 4
11738 14
11394 3
11097 15
11326 16
10975 12
11802 4
11354 9
11133 4
11231 1
11151 3
10947 10
11699 1
11720 1
11117 16
11515 4
11318 11
11771 7
11422 3
10977 7
11714 9
11717 14
11691 5
10986 3
11171 15
11797 3
11167 15
11027 15
11949 5
10961 12
11426 4
11975 2
11394 3
11985 8
11873 1
11344 12
11415 4
11809 13
11929 15
10939 14
11544 9
12050 2
11932 3
11003 12
11495 12
11632 2
11468 2
11403 6
11368 4
11254 15
11098 12
11029 5
11254 7
11740 5
10998 3
11352 13
11622 7
11249 14
11100 1
12141 4
11160 3
12241 1
12147 16
11575 1
11909 12
12095 1
11609 11
11925 13
11354 5
11160 16
11141 11
12138 15
11171 13
11845 8
11771 10
11820 14
11902 7
12311 5
11698 14
12064 5
11948 9
11059 5
11221 14
11535 9
11923 11
11654 6
11549 6
10994 2
11918 7
11414 4
11814 13
11713 4
11554 11
11068 15
11351 2
12035 13
12528 2
11338 9
12472 16
11056 11
12014 8
11678 2
12577 7
12368 5
12157 1
11084 6
11036 16
11851 5
12265 10
11374 12
12469 14
11950 10
11429 4
12263 9
12104 1
12034 6
11278 13
12047 12
12130 3
12746 10
12432 2
12318 9
11691 1
12265 4
12727 2
11896 10
11171 10
11748 3
11249 12
12664 6
12077 11
11848 1
10976 9
11612 11
11849 9
11379 5
12280 4
12192 4
12155 10
11477 15
11078 15
11231 7
11490 1
12695 15
12665 11
12033 5
10993 3
12525 16
11804 9
11048 15
12248 11
11293 16
12607 4
12731 9
11655 1
12056 13
12550 8
12413 10
11269 5
11683 6
12810 1
11802 16
12358 4
12571 5
12205 13
11713 5
11785 16
11870 3
11849 15
12856 15
12370 16
10956 1
11672 8
11874 6
12911 9
11138 12
12107 2
11203 15
11058 1
13202 16
11200 11
11809 12
12025 2
13217 1
12316 16
11825 15
11990 12
12938 12
12226 10
12692 9
11370 14
11452 10
11365 12
11040 8
12489 1
12600 5
11400 8
13239 8
12197 9
11122 8
12222 3
11241 10
12796 13
10949 2
12084 16
13225 15
11720 10
13213 3
13514 7
12223 6
11411 1
12434 1
11366 2
12584 5
13082 11
13427 3
12105 10
12544 13
11848 6
12007 14
11928 14
13452 3
11416 7
11111 4
13346 3
13488 3
12064 9
11210 12
12736 3
11183 7
11041 15
12545 12
13177 9
13686 2
12995 7
12710 9
12802 6
11715 8
12003 16
12238 4
13375 11
10961 3
13121 14
11785 11
12980 16
13586 7
11829 2
11984 11
11389 13
12323 13
12788 10
13415 16
11622 2
10994 6
13698 15
12066 16
11785 11
11758 7
13475 15
13411 7
12370 4
11070 4
12412 4
12585 11
12173 10
13691 9
13209 15
13810 2
11274 9
12847 3
11910 3
12686 4
12459 8
13625 12
11709 11
13059 3
11898 12
11126 7
12421 14
13530 13
13132 1
12925 2
12698 15
11904 10
13746 8
13119 6
13803 5
13641 15
11213 9
14095 2
11636 16
13526 6
11659 7
13968 7
12463 16
12701 10
12382 15
12892 11
11396 1
13859 7
11745 1
13755 16
12214 8
12466 16
14192 5
11931 15
13735 2
14012 9
12206 11
13214 4
12389 2
14042 5
11828 13
12697 9
13180 2
10964 16
12141 8
14238 15
12726 2
12488 9
12115 6
12371 8
13090 3
13239 14
11492 15
14511 6
14514 12
14515 15
14530 10
14512 12
14558 12
14537 10
14566 5
14515 4
14595 6
14556 16
14615 16
14603 8
14626 15
14534 1
14588 16
14627 14
14600 15
14638 15
14543 6
14533 5
14604 13
14603 4
14585 8
14661 11
14745 5
14727 12
14531 6
14698 5
14761 7
14677 10
14605 4
14700 15
14741 11
14608 1
14816 11
14683 4
14808 6
14530 5
14725 3
14573 6
14517 13
14524 9
14810 15
14899 15
14866 9
14544 11
14565 2
14869 13
14743 10
14728 13
14626 11
14517 16
14604 15
15025 15
14884 12
14659 9
15000 1
15059 10
14675 8
15073 2
15100 16
15113 7
15104 4
15114 2
15101 1
15100 11
15134 3
15132 16
15117 4
15114 3
15133 16
15125 9
15183 6
15175 4
15106 3
15143 11
15133 5
15123 3
15162 1
15203 9
15120 7
15197 4
15129 15
15164 7
15106 10
15258 3
15237 10
15146 16
15264 13
15117 10
15260 8
15279 5
15130 9
15294 5
15131 12
15217 12
15322 1
15209 12
15305 12
15362 6
15215 10
15100 9
15367 11
15194 5
15412 11
15256 14
15171 10
15223 1
15364 7
15153 11
15304 6
15106 14
15422 6
15491 12
15378 8
15328 2
15237 13
15483 2
15412 1
15158 6
15373 11
15469 6
15328 12
15242 5
15462 5
15619 8
15627 9
15643 8
15645 16
15658 13
15670 3
15665 12
15676 16
15698 11
15656 16
15677 9
15692 5
15681 11
15673 13
15673 1
15766 16
15707 15
15748 12
15762 12
15675 9
15679 12
15856 4
15856 15
15865 13
15863 15
15875 10
15898 9
15901 1
15900 12
15873 14
15938 13
15966 15
15970 13
15966 14
15975 3
15981 6
15972 11
15999 11
15997 7
16046 9
15969 15
16055 2
15981 6
16058 5
15982 13
15969 12
16082 3
15980 15
16052 12
16131 5
16105 2
16044 15
16036 15
16091 16
15982 14
16083 7
16023 5
16134 15
16029 7
16239 6
16138 11
16095 2
16171 8
16112 9
16080 4
16232 9
16267 15
16101 16
16312 5
15968 6
16138 11
16035 1
16286 9
16231 9
16118 5
16309 9
16267 1
16242 14
15977 14
16286 13
16128 15
16364 4
15992 12
16143 5
16168 15
16257 6
16040 2
16023 7
16346 2
16496 11
16507 6
16504 14
16512 4
16507 15
16506 7
16523 16
16503 2
16556 12
16533 12
16528 7
16577 2
16569 8
16510 9
16613 12
16614 11
16559 10
16565 2
16619 2
16561 7
16513 16
16504 8
16681 13
16707 4
16710 7
16718 11
16720 14
16720 5
16722 3
16712 12
16722 3
16765 2
16734 13
16748 1
16710 2
16711 14
16782 10
16794 7
16771 6
16818 2
16743 6
16772 8
16781 10
16778 2
16842 10
16828 12
16848 3
16745 8
16847 13
16750 3
16858 15
16919 2
16920 1
16922 10
16928 16
16929 8
16951 12
16946 10
16934 6
16960 2
16919 10
16937 15
16942 4
16973 3
16975 14
17010 6
16937 8
16999 14
17043 13
16945 12
17033 12
17065 3
17065 7
17074 3
17022 7
16956 12
17102 14
16979 15
16951 5
16949 14
17081 12
17198 12
17198 1
17204 10
17213 1
17206 5
17229 13
17232 4
17246 5
17266 4
17266 3
17269 11
17271 10
17284 4
17275 11
17286 13
17292 14
17351 7
17356 5
17360 3
17354 14
17366 1
17354 14
17370 12
17364 12
17416 4
17391 1
17384 15
17376 12
17441 14
17456 1
17368 16
17448 8
17449 7
17422 8
17439 9
17415 16
17524 7
17459 3
17556 8
17563 8
17558 5
17559 10
17584 16
17596 11
17580 4
17617 9
17584 6
17606 2
17556 1
17600 5
17580 13
17640 8
17617 4
17588 12
17588 11
17663 4
17603 8
17626 5
17633 5
17620 7
17576 9
17688 12
17565 7
17702 15
17557 13
17729 8
17708 15
17758 10
17578 10
17747 6
17768 6
17737 14
17589 8
17740 2
17672 8
17624 12
17789 6
17616 12
17691 15
17814 14
17850 14
17574 11
17740 12
17839 4
17813 14
17763 4
17744 9
17653 6
17985 13
17978 4
17865 1
17639 11
17815 15
17931 3
17871 4
17994 16
17821 12
17815 8
17726 13
17881 3
17792 16
17728 9
17919 13
17556 1
18009 8
17741 9
17607 14
17927 13
18195 1
18195 9
18197 2
18203 8
18196 5
18200 5
18200 11
18234 3
18239 16
18207 12
18222 10
18197 8
18260 9
18249 13
18236 15
18239 12
18257 8
18322 5
18213 2
18198 12
18320 9
18213 5
18360 3
18236 2
18357 9
18364 6
18339 8
18388 7
18237 11
18294 1
18207 5
18254 7
18334 1
18295 2
18351 3
18343 7
18456 3
18457 1
18457 3
18457 8
18462 12
18460 8
18470 4
18482 7
18476 15
18478 10
18505 2
18519 16
18523 6
18541 7
18555 14
18570 2
18503 8
18497 2
18528 2
18457 16
18470 1
18466 12
18570 7
18557 12
18472 11
18592 8
18619 10
18550 16
18524 12
18681 16
18498 2
18511 4
18475 6
18487 10
18639 7
18507 10
18726 9
18607 7
18564 12
18773 5
18547 11
18778 1
18682 4
18646 11
18740 12
18523 4
18650 4
18746 3
18817 3
18547 4
18549 7
18806 12
18577 15
18593 5
18639 11
18513 11
18474 13
18642 9
18789 14
18615 8
18922 6
18543 8
18884 1
18678 7
18655 3
18752 10
18818 7
18697 16
18985 13
18464 9
18767 7
18675 2
18899 10
18975 2
18859 6
18963 16
18586 4
18645 5
18893 7
18798 10
18607 3
19009 8
18883 5
18877 7
18894 3
18872 3
18946 3
18874 13
18498 11
18911 9
18571 15
18480 2
18862 9
18700 4
18958 11
18948 14
19161 8
18671 15
18517 1
19078 12
18767 8
18611 10
18994 3
18653 13
18683 9
18861 12
18649 5
19290 7
18798 7
19231 10
19312 10
19355 9
19356 16
19379 1
19362 4
19385 9
19366 4
19378 7
19388 13
19401 2
19389 12
19407 11
19419 14
19419 15
19459 16
19452 11
19432 15
19376 2
19497 2
19393 1
19481 9
19421 1
19360 3
19400 1
19517 8
19376 15
19553 3
19385 8
19484 5
19527 15
19513 15
19538 15
19453 7
19517 6
19358 13
19602 14
19378 2
19583 12
19417 3
19387 3
19371 13
19405 13
19553 12
19441 8
19553 15
19587 16
19641 5
19507 13
19627 9
19710 9
19443 15
19662 1
19779 1
19781 1
19759 2
19718 10
19432 8
19385 14
19456 5
19451 15
19520 12
19674 9
19367 5
19451 6
19481 3
19678 6
19611 14
19777 10
19463 7
19758 7
19859 13
19653 4
19506 10
19603 8
19875 7
19558 3
19588 13
19712 8
19921 1
19408 16
19387 13
19595 7
19593 14
19457 3
19799 5
19770 7
19936 16
20067 9
19375 14
20069 3
19923 8
19421 6
19387 7
19419 13
19812 15
19894 15
19961 1
20014 4
19500 16
20052 12
20119 14
19500 3
19689 14
19811 8
19736 9
19371 6
20147 2
19719 9
19576 2
19584 13
19850 9
19364 2
20139 16
19619 15
20319 1
19756 12
20009 4
19685 10
19762 6
19611 4
19971 7
20267 6
19405 6
19729 14
20004 10
19875 9
20009 8
19465 8
20263 12
19610 3
19913 8
20303 8
20246 7
20058 1
20301 14
20358 6
20322 14
19438 7
20518 9
20329 5
20541 7
20543 7
20544 6
20560 4
20559 15
20556 6
20570 6
20584 1
20564 1
20574 11
20574 2
20592 12
20574 14
20628 13
20550 8
20651 7
20616 2
20559 1
20627 11
20661 10
20573 16
20673 5
20625 16
20653 7
20661 10
20589 6
20597 16
20653 5
20704 11
20692 10
20688 6
20659 5
20633 13
20557 4
20814 12
20569 5
20640 3
20689 11
20570 14
20553 12
20797 14
20778 5
20781 13
20788 3
20673 2
20744 3
20734 10
20761 10
20624 3
20794 15
20656 7
20638 11
20654 14
20661 1
20665 10
20935 3
20740 16
20892 2
20888 13
20810 12
20833 7
20721 5
20590 10
20863 3
20718 2
20730 3
20556 10
20936 9
20810 10
21068 12
20773 8
20842 13
20581 14
20816 8
20878 13
21111 14
21153 14
20713 6
20547 16
21081 13
20996 13
20975 6
20949 2
21057 15
20569 12
20593 4
20924 9
21025 9
21252 7
20707 15
20959 12
20550 5
20598 13
20866 15
21104 13
20679 7
21215 15
20848 15
20863 15
21365 7
20814 4
21100 12
21447 11
20762 15
21047 15
20672 6
21143 2
21137 16
21474 7
20909 4
21009 5
20956 6
20808 13
21154 10
20640 13
20843 16
21341 7
20891 10
21010 1
21524 4
20961 16
20843 1
21502 11
21458 10
21346 14
21234 1
20803 11
20881 9
21123 10
21067 12
20771 5
21665 9
20912 3
20754 12
20618 4
21751 9
21752 15
21767 7
21765 2
21764 4
21773 2
21786 16
21802 4
21751 9
21766 9
21776 16
21807 13
21770 6
21756 4
21865 7
21850 3
21853 7
21890 2
21890 14
21906 6
21905 5
21907 13
21895 8
21922 13
21908 5
21954 12
21912 6
21973 12
21968 15
21946 11
21908 3
21960 16
22005 16
21908 8
21901 11
21984 11
22035 10
21997 7
21988 6
22040 15
22050 9
21891 3
21978 10
21939 3
22063 16
22148 8
21972 13
22081 6
22116 4
22156 3
21981 10
22214 12
22216 6
22227 15
22239 3
22260 6
22263 5
22266 4
22262 14
22285 2
22270 10
22291 7
22288 10
22279 2
22289 5
22268 15
22288 8
22354 11
22364 13
22358 4
22376 14
22366 3
22368 5
22390 15
22397 1
22408 12
22365 5
22411 10
22435 16
22386 10
22447 11
22432 11
22438 5
22470 15
22445 7
22497 14
22480 10
22428 15
22536 16
22445 10
22383 16
22380 9
22497 13
22476 5
22624 2
22474 9
22581 7
22409 4
22637 10
22506 5
22630 8
22578 16
22474 15
22715 9
22720 13
22717 11
22735 14
22740 11
22750 10
22741 12
22776 10
22734 14
22732 2
22800 11
22768 6
22795 11
22719 5
22740 15
22853 5
22810 8
22880 16
22756 12
22748 6
22797 9
22925 10
22810 10
22833 2
22828 8
22724 14
22745 13
22885 10
22984 12
22991 1
22832 7
22957 8
22996 15
22746 7
23028 13
22902 12
22990 13
22752 12
22788 1
22791 11
23079 11
22791 11
22754 1
22845 6
23090 15
22941 10
23092 11
22792 10
22770 6
22918 9
22836 10
23077 15
23210 3
23222 14
22811 2
22877 6
22849 7
22943 1
23086 15
22969 10
23074 4
22966 2
23224 11
22988 14
23054 1
23111 15
23323 5
23254 15
22773 8
22855 1
23056 3
22889 10
22755 16
23381 5
23218 14
23156 9
23269 15
23306 11
23098 5
23126 4
23319 15
23062 15
22753 4
23305 14
22828 12
23476 13
22726 8
23160 1
22848 10
22733 1
23029 14
22723 6
23163 8
23175 16
23267 11
23006 9
23450 9
22743 14
22796 8
22903 14
23130 16
22842 1
23181 9
23301 9
22893 5
23660 11
23366 2
23295 10
23037 13
23620 14
23624 2
22798 5
23215 7
23398 11
23170 13
23260 10
23446 13
23021 13
23633 12
23574 2
23542 15
23570 2
23162 14
22831 12
23198 11
22768 6
23267 4
23764 15
23360 3
22726 8
23328 11
23594 13
23298 12
23475 2
22792 7
23642 16
23521 6
23147 11
23992 8
23840 10
23612 14
23788 5
23466 4
22829 16
23191 5
23805 14
23047 4
23402 4
23154 10
23061 1
23935 10
23712 4
23599 15
24100 9
23962 13
23390 7
23534 10
23824 11
23422 8
23200 2
23413 16
24181 14
23355 6
23739 5
23117 12
23835 2
24200 5
22717 10
23536 12
22736 2
23845 6
24269 4
24273 2
24273 3
24273 5
24273 14
24276 9
24288 11
24299 7
24299 7
24275 10
24332 11
24338 13
24300 13
24312 3
24364 13
24283 15
24381 4
24403 6
24395 12
24288 7
24366 7
24284 8
24430 16
24458 3
24341 14
24363 16
24487 15
24465 3
24498 8
24441 15
24325 14
24289 8
24361 15
24465 4
24463 12
24385 4
24357 4
24397 8
24495 5
24360 1
24563 7
24276 16
24542 8
24557 12
24571 14
24343 10
24417 15
24613 15
24514 1
24681 16
24733 3
24734 15
24737 11
24742 7
24758 5
24733 2
24757 14
24737 6
24803 12
24808 8
24816 8
24807 10
24829 4
24843 6
24814 1
24817 2
24829 10
24831 14
24803 5
24877 2
24867 6
24828 7
24888 4
24853 4
24904 4
24868 16
24806 2
24886 8
24846 16
24859 12
24817 10
24951 12
24934 1
24822 3
24860 9
24969 6
24876 13
24844 11
24834 4
24995 4
24869 2
24854 7
25007 10
24930 16
24974 14
25078 3
24906 2
24956 3
24832 4
25004 9
24932 3
25023 7
25082 11
25063 2
25045 15
25085 6
24908 6
25067 15
24829 8
25156 2
24949 6
24945 15
25073 7
24872 15
24963 9
25047 14
24864 3
25197 5
24899 13
24920 14
25022 12
24968 8
25259 8
25057 6
24849 16
24950 5
24972 6
25061 4
25237 2
25303 3
25359 14
25363 5
25375 15
25364 6
25375 10
25365 10
25385 11
25391 3
25383 16
25423 8
25454 14
25418 6
25465 14
25362 13
25428 1
25484 1
25501 12
25499 4
25425 13
25546 3
25549 4
25548 10
25559 14
25576 7
25569 10
25549 7
25591 1
25570 13
25613 16
25574 10
25576 13
25606 7
25655 12
25666 11
25624 8
25669 12
25693 1
25663 1
25617 15
25642 9
25619 7
25722 6
25653 11
25573 3
25701 12
25717 4
25580 13
25668 2
25592 7
25599 7
25564 6
25777 7
25778 2
25617 6
25755 9
25669 5
25641 15
25855 7
25856 11
25862 8
25885 9
25887 9
25903 15
25905 6
25905 9
25908 15
25924 2
25919 4
25934 5
25948 3
25943 6
25932 4
25917 2
25973 10
25943 15
25890 11
25914 2
25943 16
26000 8
25931 14
26047 10
25984 1
25948 9
26063 4
26015 6
26075 9
26027 1
25968 11
26005 14
25964 4
26082 4
26109 7
26097 5
26080 11
25959 15
26030 9
26036 8
25977 13
25932 12
26042 8
26133 5
26019 8
26162 5
25970 12
26136 8
25888 7
26059 2
25958 10
26047 16
26107 9
25927 4
26084 10
26051 12
26215 1
26029 14
26112 7
26152 5
26153 8
25922 10
26239 8
26315 5
26337 4
26104 13
26143 2
26239 15
26044 16
26023 15
26227 3
26401 9
25961 11
26418 1
25980 15
26189 14
26244 16
26467 2
26273 11
26314 1
26333 5
26046 1
26142 3
26234 4
26095 7
26149 7
26489 13
26521 11
26548 14
25892 11
26313 6
26256 7
26357 7
26225 12
26317 10
26110 6
26656 10
26665 9
26671 1
26665 16
26684 6
26692 5
26678 5
26660 16
26690 6
26702 6
26695 12
26700 8
26706 11
26679 1
26718 9
26751 8
26752 14
26788 13
26758 8
26692 5
26803 11
26752 6
26816 1
26814 8
26822 5
26683 15
26716 11
26741 15
26886 7
26690 12
26869 3
26658 6
26776 12
26668 7
26824 5
26697 12
26691 16
26713 7
26774 15
26709 14
26813 9
26811 11
26914 11
26910 3
26811 4
27046 6
26854 15
26665 12
26980 10
27059 16
26832 1
26692 9
26788 13
27087 13
27060 16
26854 11
26899 11
27056 10
26693 8
26921 10
26785 12
27176 16
27063 12
27108 11
26924 3
26819 8
26938 5
27156 10
26799 12
26771 9
27073 15
27081 6
26777 7
26913 12
27297 9
26779 16
26984 6
27231 10
26847 7
26912 7
26793 8
27131 11
27201 8
26847 13
27235 5
26834 16
27267 8
27212 7
26770 6
26991 13
27298 5
26876 8
27019 6
26795 10
27396 16
26993 9
27193 13
26938 16
27521 12
27003 12
27170 7
26717 13
27397 3
27380 14
27263 10
27184 15
27374 12
26946 6
26686 8
27492 7
26984 9
27116 6
27029 8
27337 5
27435 11
27135 12
26759 9
27405 7
26898 14
27561 2
27546 16
27045 12
27724 13
26950 8
27843 6
27843 7
27854 3
27845 5
27853 13
27873 6
27843 12
27862 5
27857 14
27851 8
27872 16
27894 16
27880 6
27946 12
27857 8
27856 1
27873 13
27964 4
27917 13
27867 13
27975 10
27926 14
27909 3
28056 3
28057 3
28060 16
28064 12
28067 6
28061 8
28085 14
28060 16
28096 3
28113 14
28102 2
28090 3
28127 14
28135 8
28167 13
28183 16
28140 16
28141 2
28109 7
28230 14
28118 12
28056 12
28155 5
28124 7
28136 14
28141 14
28142 2
28080 7
28217 6
28245 13
28226 14
28228 11
28210 6
28313 15
28230 16
28340 16
28244 4
28378 11
28265 4
28093 2
28177 1
28247 2
28248 9
28153 2
28087 5
28397 14
28087 12
28068 15
28486 8
28141 14
28087 13
28396 2
28076 8
28065 4
28321 11
28518 12
28465 4
28350 3
28501 15
28079 15
28330 14
28545 10
28343 13
28210 14
28590 9
28544 15
28126 15
28372 11
28147 15
28513 14
28135 9
28546 16
28114 5
28448 15
28510 15
28299 10
28651 13
28599 2
28419 9
28753 9
28683 15
28136 8
28856 4
28797 12
28317 3
28698 2
28390 6
28779 2
28762 7
28566 4
28767 7
28190 13
28836 15
28740 9
28089 9
28526 7
28351 2
28543 7
28317 1
28879 14
28746 13
28855 5
28722 6
28219 4
28510 13
28307 15
28472 5
28735 9
28442 14
28946 12
28791 12
28475 11
28380 2
28281 3
28647 10
28205 9
29123 1
28427 9
28150 16
29146 14
29063 4
29036 10
28345 10
28993 4
28188 15
28867 4
29018 9
29230 16
29245 15
29239 5
29239 16
29269 12
29292 13
29264 8
29290 16
29288 1
29269 9
29252 13
29309 5
29353 15
29306 5
29372 4
29254 5
29334 9
29386 3
29346 12
29334 11
29354 1
29281 6
29409 9
29258 8
29401 6
29456 12
29477 4
29481 16
29478 14
29510 2
29488 4
29483 4
29477 15
29489 9
29485 2
29533 5
29525 13
29551 1
29518 1
29552 13
29513 12
29507 12
29619 1
29619 9
29621 9
29633 3
29640 11
29631 11
29651 4
29642 1
29631 13
29665 8
29673 6
29669 16
29645 13
29701 4
29693 15
29640 1
29631 10
29704 7
29662 10
29719 5
29694 13
29716 14
29740 2
29793 10
29765 10
29779 14
29826 7
29683 4
29822 3
29764 14
29684 1
29717 12
29640 9
29804 14
29728 15
29735 5
29649 10
29698 2
29663 13
29773 8
29659 9
29833 5
29759 12
29816 10
29856 2
29662 2
29942 11
29992 5
29828 8
29997 13
29719 7
29921 4
29633 16
29946 13
29659 4
29911 16
30048 13
29910 1
29973 1
30072 13
29634 4
29703 4
29805 10
29703 14
30127 12
30121 4
29700 8
29971 3
29969 6
30143 14
30197 1
30033 7
30059 6
29631 8
30226 7
30231 4
30228 2
30229 9
30247 15
30258 11
30230 9
30241 16
30227 2
30289 14
30272 1
30251 14
30271 4
30327 15
30313 16
30242 6
30338 14
30238 11
30282 16
30341 8
30268 14
30259 15
30329 14
30376 1
30437 12
30232 4
30310 6
30234 2
30353 15
30370 1
30249 15
30231 16
30372 7
30356 5
30506 3
30337 14
30535 2
30445 7
30325 12
30386 2
30558 7
30338 10
30450 10
30437 10
30363 9
30435 5
30633 3
30394 1
30611 9
30243 9
30441 10
30250 8
30228 2
30314 5
30412 1
30259 3
30611 13
30604 5
30690 12
30452 1
30584 4
30256 2
30448 12
30411 8
30539 11
30359 6
30543 7
30774 15
30789 6
30776 6
30779 1
30791 13
30800 3
30792 14
30827 6
30837 3
30809 10
30817 13
30853 13
30830 1
30778 2
30877 9
30791 13
30857 15
30791 3
30872 9
30852 4
30893 16
30841 16
30825 16
30879 16
30916 4
30990 13
30946 7
30819 8
30913 12
30869 6
30983 14
30826 1
30938 4
30905 13
30896 12
30976 12
31063 16
31003 5
30904 16
31007 3
31008 9
30940 13
31002 11
30968 4
30938 9
30910 1
31069 8
31011 13
30863 2
30802 14
30994 6
31095 9
30947 5
30996 9
31076 6
31094 14
31152 14
30779 12
30968 15
31077 3
31087 13
31192 10
31020 10
31074 1
31017 10
31314 2
30840 2
31216 11
30849 15
31117 15
31013 12
31269 14
31404 2
31264 2
31390 2
31285 9
30982 7
31338 5
31377 14
31462 3
30819 3
31029 2
31195 8
31474 10
31366 16
31215 15
31462 4
31472 12
30837 2
31284 5
30988 6
31346 3
31374 5
30808 6
31547 5
31043 12
30937 12
30965 6
31179 5
31200 7
30861 10
31271 9
31117 2
30868 5
30939 5
31429 3
30855 6
30808 5
31631 4
31432 16
31243 11
31458 8
31216 8
30795 1
31633 14
31112 14
31675 16
31705 6
31554 13
31186 6
31176 5
31464 16
31256 8
31637 3
30814 6
31026 4
31604 8
31811 14
31054 11
31861 4
31864 14
31877 4
31864 14
31891 13
31873 6
31885 12
31921 3
31870 14
31901 3
31904 3
31922 15
31928 16
31960 14
31923 16
31910 6
31913 15
31972 7
31993 13
31879 8
31991 3
32039 4
31978 15
31880 4
31868 10
31989 4
31973 6
32054 3
31924 4
31973 5
31925 1
31995 11
31882 16
32003 5
32049 6
31945 16
31989 8
31947 9
31897 6
32053 12
32136 13
32205 12
32181 6
31894 10
32045 6
32001 9
32269 7
32276 16
32290 8
32300 13
32290 6
32298 4
32285 10
32310 8
32287 16
32349 12
32305 15
32281 14
32364 11
32347 10
32368 15
32275 9
32440 2
32325 11
32284 6
32387 10
32330 4
32339 13
32464 12
32315 7
32400 9
32269 16
32400 5
32326 15
32503 6
32421 16
32269 5
32505 11
32491 2
32569 1
32418 5
32599 2
32402 11
32595 11
32620 7
32454 16
32508 15
32374 4
32459 10
32333 13
32528 6
32677 3
32455 12
32425 3
32548 1
32346 12
32574 13
32536 7
32461 7
32402 8
32311 15
32685 5
32294 9
32739 15
32465 6
32798 3
32393 4
32592 13
32376 10
32481 11
32491 1
32781 16
32729 9
32538 6
32596 2
32828 3
32286 8
32822 16
32528 13
32847 9
32417 16
32307 9
32615 5
32715 16
32416 12
32698 9
32653 2
32333 3
32740 2
32877 7
32545 7
32422 2
32999 10
33023 9
32598 12
32366 9
33079 2
33080 10
33102 13
33112 5
33113 12
33108 1
33133 3
33127 11
33124 14
33141 14
33150 12
33142 1
33178 12
33162 8
33183 13
33123 12
33136 11
33142 16
33242 8
33205 16
33112 14
33122 5
33110 5
33170 1
33103 15
33277 4
33251 3
33106 4
33298 15
33210 16
33262 15
33316 12
33343 16
33153 9
33227 10
33413 14
33338 6
33176 4
33335 3
33208 15
33194 7
33241 5
33419 10
33490 1
33208 1
33304 6
33493 12
33239 13
33390 8
33354 5
33341 2
33161 13
33327 10
33271 13
33254 8
33580 7
33191 15
33603 2
33420 2
33538 14
33107 5
33338 6
33154 12
33217 5
33453 11
33189 5
33672 2
33673 7
33680 8
33678 6
33684 16
33685 12
33686 14
33746 15
33748 15
33767 14
33770 1
33784 5
33777 5
33756 9
33770 5
33748 10
33747 4
33754 12
33789 14
33808 2
33795 14
33852 1
33825 11
33840 13
33833 5
33782 7
33872 9
33798 5
33771 16
33790 4
33911 5
33823 6
33935 12
33889 14
33969 2
33921 7
33751 7
33876 15
33868 14
33914 2
33771 7
33999 14
33922 11
34043 2
33759 11
33852 10
33931 8
33942 8
34005 5
34101 12
34009 16
33973 13
33966 3
34042 13
33959 7
33872 6
33823 15
33984 12
34079 15
34074 9
34135 11
34052 11
33917 14
34190 14
34191 9
33927 16
34035 10
33977 13
33861 6
33838 4
34066 8
33899 7
34182 14
33952 8
34132 6
33825 1
34313 2
34185 1
34120 5
34162 1
34309 1
34203 4
34314 6
33827 9
34235 11
33834 1
34401 16
34187 8
33869 2
34071 14
34228 4
34375 13
34464 5
33935 9
34447 5
34344 1
33868 14
34373 4
33947 15
34150 6
33918 11
33763 5
33928 11
34573 10
34577 10
34581 15
34590 9
34589 11
34628 4
34594 8
34574 8
34636 4
34647 14
34639 11
34595 5
34590 4
34596 10
34631 5
34628 12
34605 2
34591 3
34686 2
34660 13
34611 7
34719 8
34722 5
34607 14
34673 16
34751 14
34594 7
34588 15
34782 16
34624 16
34670 8
34838 2
34824 7
34755 5
34802 4
34752 15
