60
8440 19729 3974
8117 13097 3445
9481 15675 3101
23927 4567 3283
4497 22353 3646
1965 5306 3177
6219 3624 1103
7871 5732 1696
9503 5019 1647
13368 9708 1201
1340 18149 3853
723 17618 4061
22846 18451 2038
18555 17379 2353
12764 13228 238
17350 15193 2964
7034 12764 2633
24914 11987 2263
23743 21491 881
23365 9859 39
1432 2551 2393
24228 3275 1731
1474 1121 228
19395 11029 838
8235 23793 2086
19428 16143 1951
10928 14529 2012
22404 14443 3453
14613 4538 3538
11840 2904 20
10128 20688 527
17917 19917 1610
18324 12743 2581
12183 23490 2407
14772 6725 1080
5590 17505 3892
2954 19786 1623
13082 8542 348
10197 14507 1765
3804 1348 3387
23622 2828 636
12343 20746 3986
4340 5422 2612
13810 17605 1039
661 23730 4107
11305 4320 2143
4444 23626 3889
3465 11708 2907
8282 13258 3108
17637 17062 3726
12600 7036 667
11899 19379 1299
22468 15071 733
12131 3881 1683
8933 20894 856
20163 7199 338
23899 2996 1274
13773 22813 704
12190 6095 1275
16466 15084 2393
