90 472478546
104 390138892 -1
654 256839869 1
877 151944420 1
848 152279257 1
793 68269031 1
982 412338848 -1
51 166972603 1
972 73887408 1
903 208503647 1
286 328272020 1
180 9146282 -1
387 162513586 -1
96 272949343 1
219 424132271 1
426 102234669 -1
281 100015962 -1
871 108801974 1
650 123644118 1
134 308563212 -1
870 222705231 1
14 8898434 -1
230 114381361 -1
351 407879112 -1
208 228427894 -1
158 433657341 1
634 409338436 1
260 192166502 -1
372 234895589 -1
988 456292620 -1
469 142543539 -1
548 203987226 1
804 327146716 -1
279 23793204 -1
127 461994703 -1
909 53993899 1
555 227584058 -1
278 324882631 1
231 191705707 -1
932 250578742 1
553 184178517 -1
351 388189828 1
361 114845175 1
572 34105168 1
330 7191699 1
434 396566855 1
871 183745423 1
847 3250034 -1
844 98894732 1
156 62476834 1
238 257349467 1
143 442917874 1
921 290151700 1
185 131920137 -1
459 47978353 1
396 441517345 -1
451 249756856 1
489 333070755 -1
210 99448148 1
164 260390804 1
391 326399750 1
341 286548826 -1
857 10266464 -1
730 455555674 1
579 417748755 1
296 180766686 1
76 286121593 1
906 240873736 -1
587 260912418 1
561 223781166 -1
78 212721907 -1
301 50454715 1
797 83711506 -1
716 88410081 1
637 437781143 -1
572 392201977 1
24 41336580 -1
323 72354458 -1
350 389883342 1
400 188231638 1
458 254293048 -1
414 142943402 1
739 414451237 -1
150 183147613 -1
116 183941913 1
592 451779803 -1
86 323980578 1
988 335295772 -1
346 297053794 1
466 260603577 -1
804 290142893 1
