250 250
0 2 223 154 126 214 44 174 80 99 216 211 242 220 12 167 26 54 5 238 122 41 209 234 184 56 97 112 147 143 245 23 247 38 138 33 52 221 83 127 166 140 37 133 102 85 89 203 172 64 204 86 171 49 75 222 182 119 117 193 183 181 66 134 92 73 148 104 96 29 120 8 210 218 27 47 244 59 200 11 213 150 187 79 142 224 139 43 123 232 149 28 157 170 110 190 116 206 195 128 207 137 4 219 208 98 67 161 53 91 231 115 152 235 176 55 10 1 60 24 45 68 239 158 20 189 135 151 118 246 65 215 196 19 180 113 71 74 70 106 103 202 169 51 16 87 114 90 132 159 175 105 144 57 22 241 121 205 226 6 69 136 78 185 179 35 72 95 212 162 61 9 146 165 21 201 77 145 124 192 111 82 188 94 156 107 230 17 236 18 108 177 168 109 14 100 63 228 237 153 30 240 125 233 48 198 76 3 173 7 34 186 13 163 50 225 199 15 130 164 84 25 191 248 81 197 129 155 160 101 217 88 131 227 46 229 178 32 62 243 39 36 40 58 141 93 42 194 31 0
17 1
6 1
2 2
75 1
26 1
29 2
30 1
44 1
26 1
56 1
52 1
42 1
27 1
8 24
26 3
122 1
47 12
16 10
61 9
45 6
55 9
30 14
117 1
80 4
58 4
26 9
5 6
3 15
65 12
93 1
40 13
84 2
40 9
95 5
26 3
35 14
11 15
28 8
29 8
75 1
77 5
38 3
40 3
60 10
66 1
18 5
24 10
64 10
28 10
13 7
38 4
1 18
110 4
9 10
32 16
87 1
54 2
28 9
12 9
20 10
18 2
64 2
69 1
92 1
43 1
47 11
58 10
15 7
6 3
26 17
106 1
103 1
28 6
61 9
5 14
97 3
81 5
46 1
104 2
80 2
118 1
59 7
23 15
39 4
18 27
30 15
51 1
56 10
41 6
81 2
50 5
74 3
70 6
4 16
57 12
106 1
118 1
100 3
69 12
121 1
97 1
108 1
121 1
91 1
111 2
106 2
41 4
12 37
2 21
29 1
16 12
72 7
3 9
23 4
77 10
40 8
113 1
99 5
50 15
28 1
109 3
76 3
63 1
72 3
106 3
46 17
68 6
12 2
17 18
66 5
121 1
63 14
62 16
114 1
103 3
52 21
42 17
36 24
11 7
98 1
60 16
2 5
77 2
79 7
83 11
42 22
62 8
96 3
98 1
52 5
13 2
119 1
54 18
81 9
56 9
112 1
107 1
111 1
37 22
11 15
52 16
85 6
28 4
94 1
78 6
117 1
20 15
5 17
22 13
61 13
86 7
80 6
115 1
61 5
78 11
43 13
26 5
111 1
23 8
21 8
4 32
24 16
100 4
51 22
31 17
108 3
43 14
43 14
27 26
108 1
22 3
3 18
45 22
103 1
8 23
12 8
102 1
90 9
108 2
121 1
100 3
20 29
97 1
42 20
104 1
28 10
84 1
30 45
113 3
93 2
27 22
119 1
19 5
22 22
104 1
104 1
62 1
118 1
80 2
40 4
88 9
108 2
116 1
97 5
58 16
80 14
84 6
77 7
7 33
114 1
32 25
58 20
82 10
51 19
42 18
75 5
111 1
81 10
66 3
77 2
22 8
60 16
29 21
48 9
35 18
96 1
108 1
36 19
107 4
250 249
